38.5520 38.0841 10.0 47 69 -17 5.3
40.2553 39.2826 10.0 74 80 -3 5.4
41.8990 39.1670 33.0 76 82 0 5.4
38.3070 39.4000 10.0 56 79 -4 5.4
36.2060 37.2380 5.0 29 85 4 5.5
35.9482 37.5794 13.1 30 87 6 5.5
37.7309 37.7639 10.0 51 73 -39 5.5
36.6832 36.9921 10.0 34 83 0 5.6
41.0800 39.2200 10.0 80 87 6 5.6
38.4305 37.6160 10.0 53 76 -37 5.6
38.6980 38.1878 10.0 51 73 -12 5.6
40.0510 38.7090 10.0 67 72 -14 5.6
38.1847 38.2480 10.0 52 75 -10 5.7
39.2750 38.3180 6.0 55 70 -42 5.7
40.8900 39.3540 5.0 77 84 2 5.8
40.1530 39.4400 14.9 76 82 0 5.8
36.7780 37.1810 10.0 28 75 -10 5.8
40.7073 39.4229 10.0 70 75 -10 5.9
38.0984 38.0315 10.0 53 76 -9 6.0
38.8059 38.3115 10.0 67 83 1 6.0
36.5114 38.0582 8.5 91 77 -8 6.0
39.8780 39.5000 10.0 68 85 3 6.1
39.9860 38.8640 12.0 66 82 0 6.1
37.8060 37.9930 9.6 89 75 -38 6.1
36.0251 36.1616 16.0 24 81 -3 6.3
35.3070 36.8780 33.0 22 78 -6 6.3
40.4640 39.0070 10.0 66 72 -14 6.4
40.6530 38.9340 10.0 68 74 -12 6.6
40.7230 38.4740 26.0 67 73 -13 6.7
39.0609 38.4312 10.0 66 83 -31 6.7
37.1962 38.0106 7.4 92 78 -4 7.5
37.0143 37.2256 10.0 28 80 -8 7.8
